url_path,views_total,views_unique
/peff74/ESP32-C3_OLED,133,106
/peff74/ESP32-C3_OLED/blob/main/ESP32_C3_OLED.ino,24,19
/peff74/ESP32-C3_OLED/blob/main/ESP32-C3_oled.jpg,15,10
/peff74/ESP32-C3_OLED/issues/1,10,5
/peff74/ESP32-C3_OLED/tree/main,8,4
/peff74/ESP32-C3_OLED/tree/main/.github/workflows,5,5
/peff74/ESP32-C3_OLED/issues,5,4
/peff74/ESP32-C3_OLED/blob/main/README.md,4,3
/peff74/ESP32-C3_OLED/blob/main/.github/workflows/github-repo-stats.yml,2,2
/peff74/ESP32-C3_OLED/pulls,2,2
